2 230.403770502
4 130.629652892
6 191.393027253
8 202.808506805
10 183.108560704
12 190.631161821
14 246.24568274
16 155.401828194
18 301.292254811
20 402.821427845
22 218.976323196
24 248.385178189
26 281.312616334
28 244.581061411
30 223.05939231
32 301.846750202
34 205.955496044
36 168.198761627
38 298.634964391
40 169.059008577
42 178.17727448
44 180.580140433
46 225.668680133
48 189.264570308
50 216.766694477
52 232.485450033
54 204.023121292
56 197.373233788
58 224.975377626
60 234.247248969
62 280.252458617
64 278.562261767
66 224.205235857
68 273.162439978
70 214.261324666
72 277.775843038
74 309.582621756
76 287.661321179
78 362.813677877
80 375.496214998
82 227.302532125
84 267.057023542
86 279.589253046
88 273.341365759
90 306.068301215
92 360.345467143
94 332.101735508
96 293.971773444
98 179.803087587
