2.0 364.0
4.0 574.0
6.0 889.0
8.0 1204.0
10.0 1484.0
12.0 1778.0
14.0 2093.0
16.0 2331.0
18.0 2765.0
20.0 3269.0
22.0 3626.0
24.0 3990.0
26.0 4368.0
28.0 4739.0
30.0 5103.0
32.0 5481.0
34.0 5740.0
36.0 5978.0
38.0 6356.0
40.0 6636.0
42.0 6895.0
44.0 7182.0
46.0 7483.0
48.0 7735.0
50.0 8071.0
52.0 8379.0
54.0 8680.0
56.0 8960.0
58.0 9289.0
60.0 9646.0
62.0 10101.0
64.0 10458.0
66.0 10759.0
68.0 11116.0
70.0 11459.0
72.0 11837.0
74.0 12229.0
76.0 12677.0
78.0 13174.0
80.0 13650.0
82.0 13972.0
84.0 14336.0
86.0 14770.0
88.0 15169.0
90.0 15610.0
92.0 16135.0
94.0 16597.0
96.0 17073.0
98.0 17318.0
