2.0 450.034326387
4.0 759.859918214
6.0 1225.83599877
8.0 1599.35747667
10.0 1953.61726878
12.0 2223.01485116
14.0 2635.8764312
16.0 2886.04158453
18.0 3236.20668221
20.0 3659.95796579
22.0 4171.31803909
24.0 4547.3337333
26.0 4899.4355283
28.0 5257.30540652
30.0 5752.46596283
32.0 6278.30102218
34.0 6510.55822058
36.0 6743.56322018
38.0 7278.7455167
40.0 7681.87356551
42.0 7926.19982553
44.0 8288.54416739
46.0 8596.62215645
48.0 8953.5220108
50.0 9327.49592206
52.0 9632.83505634
54.0 9994.72579851
56.0 10232.5646199
58.0 10501.5723654
60.0 10828.9570713
62.0 11348.4152156
64.0 11665.5475151
66.0 12108.0634658
68.0 12599.6217363
70.0 13013.727825
72.0 13346.116704
74.0 13691.317617
76.0 14154.466894
78.0 14880.1592482
80.0 15289.0205314
82.0 15552.9860072
84.0 16085.3578188
86.0 16686.2143816
88.0 17233.4063289
90.0 17678.1721109
92.0 18380.5768914
94.0 19011.1944259
96.0 19517.7304979
98.0 19831.2283818
