2.0 674.543559179
4.0 1148.24512122
6.0 1840.70669552
8.0 2497.93149697
10.0 3022.94556372
12.0 3675.97236024
14.0 4192.91311153
16.0 4718.73278446
18.0 5597.53100573
20.0 6451.35218863
22.0 7060.32618779
24.0 7648.73043929
26.0 8398.15479815
28.0 9218.79465034
30.0 9836.2998794
32.0 10543.3862897
34.0 11052.7488351
36.0 11471.1224564
38.0 12130.8189367
40.0 12685.5988035
42.0 13119.5256316
44.0 13660.5378757
46.0 14312.7491867
48.0 14782.3728208
50.0 15504.357398
52.0 15997.9936752
54.0 16610.4791339
56.0 17185.2600072
58.0 17760.9813952
60.0 18393.3055251
62.0 19130.3088564
64.0 19764.6218347
66.0 20282.5217998
68.0 21084.5101215
70.0 21682.1136213
72.0 22391.7932191
74.0 23089.2586336
76.0 24109.0206952
78.0 24927.2095225
80.0 25763.3670043
82.0 26296.155846
84.0 26928.6124646
86.0 27712.7591363
88.0 28528.0326115
90.0 29312.8235092
92.0 30352.7190078
94.0 31202.2383157
96.0 32236.9407897
98.0 32789.4839641
