2.0 230.403770502
4.0 361.033423394
6.0 552.426450647
8.0 755.234957452
10.0 938.343518156
12.0 1128.97467998
14.0 1375.22036272
16.0 1530.62219091
18.0 1831.91444572
20.0 2234.73587357
22.0 2453.71219676
24.0 2702.09737495
26.0 2983.40999129
28.0 3227.9910527
30.0 3451.05044501
32.0 3752.89719521
34.0 3958.85269125
36.0 4127.05145288
38.0 4425.68641727
40.0 4594.74542585
42.0 4772.92270033
44.0 4953.50284076
46.0 5179.17152089
48.0 5368.4360912
50.0 5585.20278568
52.0 5817.68823571
54.0 6021.711357
56.0 6219.08459079
58.0 6444.05996842
60.0 6678.30721739
62.0 6958.559676
64.0 7237.12193777
66.0 7461.32717363
68.0 7734.48961361
70.0 7948.75093827
72.0 8226.52678131
74.0 8536.10940307
76.0 8823.77072425
78.0 9186.58440212
80.0 9562.08061712
82.0 9789.38314925
84.0 10056.4401728
86.0 10336.0294258
88.0 10609.3707916
90.0 10915.4390928
92.0 11275.78456
94.0 11607.8862955
96.0 11901.8580689
98.0 12081.6611565
