2 674.543559179
4 473.701562038
6 692.461574302
8 657.224801455
10 525.014066743
12 653.026796524
14 516.94075129
16 525.819672926
18 878.798221276
20 853.821182896
22 608.97399916
24 588.404251503
26 749.424358854
28 820.639852191
30 617.50522906
32 707.086410277
34 509.36254545
36 418.373621277
38 659.696480273
40 554.779866855
42 433.92682809
44 541.012244103
46 652.211310972
48 469.623634073
50 721.98457723
52 493.63627723
54 612.485458654
56 574.78087331
58 575.721388014
60 632.324129895
62 737.003331309
64 634.312978301
66 517.899965106
68 801.988321692
70 597.603499788
72 709.679597767
74 697.465414552
76 1019.76206159
78 818.188827328
80 836.157481758
82 532.788841688
84 632.456618648
86 784.146671703
88 815.273475162
90 784.790897665
92 1039.89549869
94 849.51930782
96 1034.70247406
98 552.543174335
