2 450.034326387
4 309.825591827
6 465.97608056
8 373.521477899
10 354.259792109
12 269.397582377
14 412.861580044
16 250.165153332
18 350.165097676
20 423.751283577
22 511.360073298
24 376.01569421
26 352.101794999
28 357.869878221
30 495.160556317
32 525.835059343
34 232.257198406
36 233.004999595
38 535.182296528
40 403.128048808
42 244.326260015
44 362.344341867
46 308.077989054
48 356.899854349
50 373.973911264
52 305.339134275
54 361.890742169
56 237.838821426
58 269.007745484
60 327.38470584
62 519.458144336
64 317.132299523
66 442.515950663
68 491.558270553
70 414.106088621
72 332.388879046
74 345.200912991
76 463.149276979
78 725.692354198
80 408.861283236
82 263.965475754
84 532.371811673
86 600.856562751
88 547.191947329
90 444.765782029
92 702.404780419
94 630.617534523
96 506.536071991
98 313.497883977
